57
0
59
104
119
74
91
0
3
0
33
0
39
0
508
0
16
0
18
9
54
44
52
69
92
68
59
54
57
0
148
0
78
0
291
0
143
99
127
68
122
0
22
0
60
0
53
262
138
88
87
86
0
42
223
107
62
120
0
183
0
26
0
46
152
0
167
0
3
0
34
0
44
0
19
9
21
19
19
19
19
0
23
0
225
54
130
167
0
34
0
347
0
3
0
26
0
172
0
27
160
62
36
72
104
171
0
13
134
31
0
39
92
39
78
93
59
55
15
0
48
0
448
0
84
0
30
33
95
75
46
71
47
0
3
0
30
0
169
0
250
0
50
0
25
9
72
94
161
170
169
0
38
0
25
9
113
120
145
156
140
0
43
0
25
9
78
99
99
89
112
0
20
75
66
104
191
190
115
0
3
0
22
0
63
0
616
0
127
0
501
0
286
0
477
0
270
0
37
0
372
221
130
398
298
478
418
416
0
3
0
49
0
511
0
134
0
227
0
336
0
18
9
65
276
70
0
215
0
37
0
169
427
473
59
157
201
295
326
216
224
133
230
344
268
0
3
0
37
0
220
0
20
0
405
527
230
329
0
208
0
120
0
3
0
63
0
355
0
172
0
3
0
29
0
218
0
102
0
57
0
64
0
506
0
601
0
226
0
40
0
345
0
3
0
33
0
19
9
127
192
54
45
64
82
0
44
0
3
0
25
0
246
0
27
0
36
13
275
0
28
0
43
13
277
290
320
314
171
0
28
0
36
13
156
0
17
105
171
0
3
0
12
0
17
9
136
210
266
295
177
158
302
0
237
0
3
0
36
0
21
0
29
13
344
110
245
141
430
209
162
315
101
217
0
44
0
338
346
111
0
52
0
265
261
223
116
74
150
153
0
29
0
214
0
62
0
288
420
385
0
45
0
153
255
48
398
86
0
3
0
23
0
102
42
88
44
92
99
91
0
34
45
38
28
38
60
76
